#source: CRDB
#Quantity: H
#EnergyType: R
#Experiment: AMS02
#ads: 2021PhR...894....1A
#E_lo - E_up - y - errSta_lo - errSta_up - errSys_lo - errSys_up
1.00000e+00 1.16000e+00 8.24700e+02 4.00000e-01 4.00000e-01 1.25000e+01 1.25000e+01
1.16000e+00 1.33000e+00 7.98600e+02 3.00000e-01 3.00000e-01 1.05000e+01 1.05000e+01
1.33000e+00 1.51000e+00 7.60100e+02 2.00000e-01 2.00000e-01 9.00000e+00 9.00000e+00
1.51000e+00 1.71000e+00 7.05500e+02 2.00000e-01 2.00000e-01 8.00000e+00 8.00000e+00
1.71000e+00 1.92000e+00 6.39800e+02 1.00000e-01 1.00000e-01 7.10000e+00 7.10000e+00
1.92000e+00 2.15000e+00 5.67200e+02 1.00000e-01 1.00000e-01 6.20000e+00 6.20000e+00
2.15000e+00 2.40000e+00 4.93300e+02 1.00000e-01 1.00000e-01 5.40000e+00 5.40000e+00
2.40000e+00 2.67000e+00 4.24800e+02 1.00000e-01 1.00000e-01 4.60000e+00 4.60000e+00
2.67000e+00 2.97000e+00 3.61900e+02 1.00000e-01 1.00000e-01 4.00000e+00 4.00000e+00
2.97000e+00 3.29000e+00 3.06200e+02 1.00000e-01 1.00000e-01 3.30000e+00 3.30000e+00
3.29000e+00 3.64000e+00 2.57100e+02 0.00000e+00 0.00000e+00 2.80000e+00 2.80000e+00
3.64000e+00 4.02000e+00 2.14500e+02 0.00000e+00 0.00000e+00 2.30000e+00 2.30000e+00
4.02000e+00 4.43000e+00 1.77900e+02 0.00000e+00 0.00000e+00 1.90000e+00 1.90000e+00
4.43000e+00 4.88000e+00 1.46500e+02 0.00000e+00 0.00000e+00 1.60000e+00 1.60000e+00
4.88000e+00 5.37000e+00 1.19700e+02 0.00000e+00 0.00000e+00 1.30000e+00 1.30000e+00
5.37000e+00 5.90000e+00 9.72900e+01 2.00000e-02 2.00000e-02 1.04000e+00 1.04000e+00
5.90000e+00 6.47000e+00 7.88300e+01 1.00000e-02 1.00000e-02 8.40000e-01 8.40000e-01
6.47000e+00 7.09000e+00 6.37100e+01 1.00000e-02 1.00000e-02 6.70000e-01 6.70000e-01
7.09000e+00 7.76000e+00 5.13800e+01 1.00000e-02 1.00000e-02 5.40000e-01 5.40000e-01
7.76000e+00 8.48000e+00 4.13900e+01 1.00000e-02 1.00000e-02 4.30000e-01 4.30000e-01
8.48000e+00 9.26000e+00 3.33100e+01 1.00000e-02 1.00000e-02 3.40000e-01 3.40000e-01
9.26000e+00 1.01000e+01 2.67900e+01 0.00000e+00 0.00000e+00 2.70000e-01 2.70000e-01
1.01000e+01 1.10000e+01 2.15500e+01 0.00000e+00 0.00000e+00 2.10000e-01 2.10000e-01
1.10000e+01 1.20000e+01 1.73100e+01 0.00000e+00 0.00000e+00 1.70000e-01 1.70000e-01
1.20000e+01 1.30000e+01 1.39500e+01 0.00000e+00 0.00000e+00 1.40000e-01 1.40000e-01
1.30000e+01 1.41000e+01 1.13200e+01 0.00000e+00 0.00000e+00 1.10000e-01 1.10000e-01
1.41000e+01 1.53000e+01 9.14100e+00 2.00000e-03 2.00000e-03 8.60000e-02 8.60000e-02
1.53000e+01 1.66000e+01 7.36300e+00 2.00000e-03 2.00000e-03 6.80000e-02 6.80000e-02
1.66000e+01 1.80000e+01 5.92900e+00 1.00000e-03 1.00000e-03 5.40000e-02 5.40000e-02
1.80000e+01 1.95000e+01 4.77400e+00 1.00000e-03 1.00000e-03 4.20000e-02 4.20000e-02
1.95000e+01 2.11000e+01 3.85000e+00 1.00000e-03 1.00000e-03 3.40000e-02 3.40000e-02
2.11000e+01 2.28000e+01 3.11000e+00 1.00000e-03 1.00000e-03 2.80000e-02 2.80000e-02
2.28000e+01 2.47000e+01 2.50600e+00 1.00000e-03 1.00000e-03 2.30000e-02 2.30000e-02
2.47000e+01 2.67000e+01 2.01300e+00 1.00000e-03 1.00000e-03 1.80000e-02 1.80000e-02
2.67000e+01 2.88000e+01 1.62800e+00 0.00000e+00 0.00000e+00 1.50000e-02 1.50000e-02
2.88000e+01 3.11000e+01 1.31600e+00 0.00000e+00 0.00000e+00 1.20000e-02 1.20000e-02
3.11000e+01 3.35000e+01 1.06600e+00 0.00000e+00 0.00000e+00 1.00000e-02 1.00000e-02
3.35000e+01 3.61000e+01 8.64900e-01 3.00000e-04 3.00000e-04 8.20000e-03 8.20000e-03
3.61000e+01 3.89000e+01 7.01800e-01 3.00000e-04 3.00000e-04 6.80000e-03 6.80000e-03
3.89000e+01 4.19000e+01 5.70200e-01 2.00000e-04 2.00000e-04 5.60000e-03 5.60000e-03
4.19000e+01 4.51000e+01 4.63700e-01 2.00000e-04 2.00000e-04 4.60000e-03 4.60000e-03
4.51000e+01 4.85000e+01 3.77500e-01 2.00000e-04 2.00000e-04 3.80000e-03 3.80000e-03
4.85000e+01 5.22000e+01 3.07400e-01 2.00000e-04 2.00000e-04 3.10000e-03 3.10000e-03
5.22000e+01 5.61000e+01 2.50800e-01 1.00000e-04 1.00000e-04 2.60000e-03 2.60000e-03
5.61000e+01 6.03000e+01 2.04800e-01 1.00000e-04 1.00000e-04 2.10000e-03 2.10000e-03
6.03000e+01 6.48000e+01 1.67400e-01 1.00000e-04 1.00000e-04 1.80000e-03 1.80000e-03
6.48000e+01 6.97000e+01 1.36900e-01 1.00000e-04 1.00000e-04 1.50000e-03 1.50000e-03
6.97000e+01 7.49000e+01 1.11600e-01 1.00000e-04 1.00000e-04 1.20000e-03 1.20000e-03
7.49000e+01 8.05000e+01 9.12400e-02 7.00000e-05 7.00000e-05 1.01000e-03 1.01000e-03
8.05000e+01 8.65000e+01 7.44500e-02 6.00000e-05 6.00000e-05 8.40000e-04 8.40000e-04
8.65000e+01 9.30000e+01 6.06700e-02 5.00000e-05 5.00000e-05 6.90000e-04 6.90000e-04
9.30000e+01 1.00000e+02 4.95100e-02 5.00000e-05 5.00000e-05 5.80000e-04 5.80000e-04
1.00000e+02 1.08000e+02 4.00900e-02 4.00000e-05 4.00000e-05 4.80000e-04 4.80000e-04
1.08000e+02 1.16000e+02 3.25300e-02 3.00000e-05 3.00000e-05 3.90000e-04 3.90000e-04
1.16000e+02 1.25000e+02 2.64700e-02 3.00000e-05 3.00000e-05 3.30000e-04 3.30000e-04
1.25000e+02 1.35000e+02 2.13700e-02 3.00000e-05 3.00000e-05 2.70000e-04 2.70000e-04
1.35000e+02 1.47000e+02 1.70200e-02 2.00000e-05 2.00000e-05 2.20000e-04 2.20000e-04
1.47000e+02 1.60000e+02 1.34100e-02 2.00000e-05 2.00000e-05 1.80000e-04 1.80000e-04
1.60000e+02 1.75000e+02 1.05200e-02 1.00000e-05 1.00000e-05 1.50000e-04 1.50000e-04
1.75000e+02 1.92000e+02 8.16600e-03 1.20000e-05 1.20000e-05 1.18000e-04 1.18000e-04
1.92000e+02 2.11000e+02 6.26900e-03 1.00000e-05 1.00000e-05 9.50000e-05 9.50000e-05
2.11000e+02 2.33000e+02 4.79000e-03 8.00000e-06 8.00000e-06 7.60000e-05 7.60000e-05
2.33000e+02 2.59000e+02 3.62700e-03 6.00000e-06 6.00000e-06 6.10000e-05 6.10000e-05
2.59000e+02 2.91000e+02 2.67400e-03 5.00000e-06 5.00000e-06 4.80000e-05 4.80000e-05
2.91000e+02 3.30000e+02 1.91400e-03 4.00000e-06 4.00000e-06 3.70000e-05 3.70000e-05
3.30000e+02 3.79000e+02 1.34300e-03 3.00000e-06 3.00000e-06 2.80000e-05 2.80000e-05
3.79000e+02 4.41000e+02 8.95700e-04 2.00000e-06 2.00000e-06 2.08000e-05 2.08000e-05
4.41000e+02 5.25000e+02 5.75200e-04 1.40000e-06 1.40000e-06 1.49000e-05 1.49000e-05
5.25000e+02 6.43000e+02 3.43200e-04 9.00000e-07 9.00000e-07 1.00000e-05 1.00000e-05
6.43000e+02 8.22000e+02 1.90500e-04 6.00000e-07 6.00000e-07 6.30000e-06 6.30000e-06
8.22000e+02 1.13000e+03 9.06800e-05 2.90000e-07 2.90000e-07 3.51000e-06 3.51000e-06
1.13000e+03 1.80000e+03 3.26000e-05 1.20000e-07 1.20000e-07 1.60000e-06 1.60000e-06
