#source: CRDB
#Quantity: e-+e+
#EnergyType: R
#Experiment: AMS02
#ads: 2021PhR...894....1A
#E_lo - E_up - y - errSta_lo - errSta_up - errSys_lo - errSys_up
5.00000e-01 6.50000e-01 1.94500e+01 3.80000e-01 3.80000e-01 1.17000e+00 1.17000e+00
6.50000e-01 8.20000e-01 1.91800e+01 1.00000e-01 1.00000e-01 8.50000e-01 8.50000e-01
8.20000e-01 1.01000e+00 1.83900e+01 6.00000e-02 6.00000e-02 6.00000e-01 6.00000e-01
1.01000e+00 1.22000e+00 1.71200e+01 4.00000e-02 4.00000e-02 4.20000e-01 4.20000e-01
1.22000e+00 1.46000e+00 1.51100e+01 3.00000e-02 3.00000e-02 2.90000e-01 2.90000e-01
1.46000e+00 1.72000e+00 1.29700e+01 2.00000e-02 2.00000e-02 2.00000e-01 2.00000e-01
1.72000e+00 2.00000e+00 1.10600e+01 1.00000e-02 1.00000e-02 1.50000e-01 1.50000e-01
2.00000e+00 2.31000e+00 9.01900e+00 9.00000e-03 9.00000e-03 1.11000e-01 1.11000e-01
2.31000e+00 2.65000e+00 7.38000e+00 7.00000e-03 7.00000e-03 8.50000e-02 8.50000e-02
2.65000e+00 3.00000e+00 5.88400e+00 5.00000e-03 5.00000e-03 6.60000e-02 6.60000e-02
3.00000e+00 3.36000e+00 4.69600e+00 4.00000e-03 4.00000e-03 5.20000e-02 5.20000e-02
3.36000e+00 3.73000e+00 3.77100e+00 3.00000e-03 3.00000e-03 4.20000e-02 4.20000e-02
3.73000e+00 4.12000e+00 3.02900e+00 3.00000e-03 3.00000e-03 3.30000e-02 3.30000e-02
4.12000e+00 4.54000e+00 2.41100e+00 2.00000e-03 2.00000e-03 2.70000e-02 2.70000e-02
4.54000e+00 5.00000e+00 1.90100e+00 2.00000e-03 2.00000e-03 2.10000e-02 2.10000e-02
5.00000e+00 5.49000e+00 1.48800e+00 1.00000e-03 1.00000e-03 1.70000e-02 1.70000e-02
5.49000e+00 6.00000e+00 1.16500e+00 1.00000e-03 1.00000e-03 1.30000e-02 1.30000e-02
6.00000e+00 6.54000e+00 9.21600e-01 9.00000e-04 9.00000e-04 1.06000e-02 1.06000e-02
6.54000e+00 7.10000e+00 7.28100e-01 8.00000e-04 8.00000e-04 8.40000e-03 8.40000e-03
7.10000e+00 7.69000e+00 5.75500e-01 7.00000e-04 7.00000e-04 6.70000e-03 6.70000e-03
7.69000e+00 8.30000e+00 4.55500e-01 6.00000e-04 6.00000e-04 5.40000e-03 5.40000e-03
8.30000e+00 8.95000e+00 3.60900e-01 5.00000e-04 5.00000e-04 4.30000e-03 4.30000e-03
8.95000e+00 9.62000e+00 2.90400e-01 4.00000e-04 4.00000e-04 3.50000e-03 3.50000e-03
9.62000e+00 1.03200e+01 2.33400e-01 3.00000e-04 3.00000e-04 2.80000e-03 2.80000e-03
1.03200e+01 1.10400e+01 1.88100e-01 3.00000e-04 3.00000e-04 2.30000e-03 2.30000e-03
1.10400e+01 1.18000e+01 1.52400e-01 3.00000e-04 3.00000e-04 1.90000e-03 1.90000e-03
1.18000e+01 1.25900e+01 1.23900e-01 2.00000e-04 2.00000e-04 1.50000e-03 1.50000e-03
1.25900e+01 1.34100e+01 1.01200e-01 2.00000e-04 2.00000e-04 1.30000e-03 1.30000e-03
1.34100e+01 1.42500e+01 8.31300e-02 1.60000e-04 1.60000e-04 1.03000e-03 1.03000e-03
1.42500e+01 1.51400e+01 6.82700e-02 1.40000e-04 1.40000e-04 8.60000e-04 8.60000e-04
1.51400e+01 1.60500e+01 5.62800e-02 1.20000e-04 1.20000e-04 7.10000e-04 7.10000e-04
1.60500e+01 1.70000e+01 4.64000e-02 1.10000e-04 1.10000e-04 5.90000e-04 5.90000e-04
1.70000e+01 1.79800e+01 3.87800e-02 9.00000e-05 9.00000e-05 4.90000e-04 4.90000e-04
1.79800e+01 1.89900e+01 3.24600e-02 8.00000e-05 8.00000e-05 4.20000e-04 4.20000e-04
1.89900e+01 2.00400e+01 2.73100e-02 7.00000e-05 7.00000e-05 3.50000e-04 3.50000e-04
2.00400e+01 2.11300e+01 2.28300e-02 6.00000e-05 6.00000e-05 3.00000e-04 3.00000e-04
2.11300e+01 2.22500e+01 1.91500e-02 6.00000e-05 6.00000e-05 2.50000e-04 2.50000e-04
2.22500e+01 2.34200e+01 1.62000e-02 5.00000e-05 5.00000e-05 2.10000e-04 2.10000e-04
2.34200e+01 2.46200e+01 1.37500e-02 4.00000e-05 4.00000e-05 1.80000e-04 1.80000e-04
2.46200e+01 2.59000e+01 1.17000e-02 4.00000e-05 4.00000e-05 1.50000e-04 1.50000e-04
2.59000e+01 2.72500e+01 9.86000e-03 3.50000e-05 3.50000e-05 1.30000e-04 1.30000e-04
2.72500e+01 2.86800e+01 8.38000e-03 3.10000e-05 3.10000e-05 1.11000e-04 1.11000e-04
2.86800e+01 3.02100e+01 7.08400e-03 2.80000e-05 2.80000e-05 9.40000e-05 9.40000e-05
3.02100e+01 3.18200e+01 5.91000e-03 2.50000e-05 2.50000e-05 7.90000e-05 7.90000e-05
3.18200e+01 3.35300e+01 5.02800e-03 2.20000e-05 2.20000e-05 6.70000e-05 6.70000e-05
3.35300e+01 3.53600e+01 4.23200e-03 2.00000e-05 2.00000e-05 5.70000e-05 5.70000e-05
3.53600e+01 3.73100e+01 3.56400e-03 1.70000e-05 1.70000e-05 4.80000e-05 4.80000e-05
3.73100e+01 3.93900e+01 3.01600e-03 1.50000e-05 1.50000e-05 4.10000e-05 4.10000e-05
3.93900e+01 4.16100e+01 2.52100e-03 1.40000e-05 1.40000e-05 3.40000e-05 3.40000e-05
4.16100e+01 4.40000e+01 2.10500e-03 1.20000e-05 1.20000e-05 2.90000e-05 2.90000e-05
4.40000e+01 4.65700e+01 1.76900e-03 1.10000e-05 1.10000e-05 2.40000e-05 2.40000e-05
4.65700e+01 4.93300e+01 1.49100e-03 9.00000e-06 9.00000e-06 2.00000e-05 2.00000e-05
4.93300e+01 5.23300e+01 1.21600e-03 8.00000e-06 8.00000e-06 1.70000e-05 1.70000e-05
5.23300e+01 5.55800e+01 1.00800e-03 7.00000e-06 7.00000e-06 1.40000e-05 1.40000e-05
5.55800e+01 5.91300e+01 8.32400e-04 6.30000e-06 6.30000e-06 1.13000e-05 1.13000e-05
5.91300e+01 6.30200e+01 6.75200e-04 5.40000e-06 5.40000e-06 9.20000e-06 9.20000e-06
6.30200e+01 6.73000e+01 5.54100e-04 4.70000e-06 4.70000e-06 7.60000e-06 7.60000e-06
6.73000e+01 7.20500e+01 4.52400e-04 4.00000e-06 4.00000e-06 6.20000e-06 6.20000e-06
7.20500e+01 7.73700e+01 3.63700e-04 3.40000e-06 3.40000e-06 5.00000e-06 5.00000e-06
7.73700e+01 8.33600e+01 2.88300e-04 2.90000e-06 2.90000e-06 4.00000e-06 4.00000e-06
8.33600e+01 9.01900e+01 2.27300e-04 2.40000e-06 2.40000e-06 3.10000e-06 3.10000e-06
9.01900e+01 9.80800e+01 1.76500e-04 2.00000e-06 2.00000e-06 2.40000e-06 2.40000e-06
9.80800e+01 1.07300e+02 1.34900e-04 1.60000e-06 1.60000e-06 1.90000e-06 1.90000e-06
1.07300e+02 1.18400e+02 9.85300e-05 1.24000e-06 1.24000e-06 1.37000e-06 1.37000e-06
1.18400e+02 1.32100e+02 7.19700e-05 9.60000e-07 9.60000e-07 1.00000e-06 1.00000e-06
1.32100e+02 1.48800e+02 5.22000e-05 7.50000e-07 7.50000e-07 7.30000e-07 7.30000e-07
1.48800e+02 1.69900e+02 3.49200e-05 5.50000e-07 5.50000e-07 5.00000e-07 5.00000e-07
1.69900e+02 1.97700e+02 2.16600e-05 3.90000e-07 3.90000e-07 2.90000e-07 2.90000e-07
1.97700e+02 2.37200e+02 1.28900e-05 2.60000e-07 2.60000e-07 2.20000e-07 2.20000e-07
2.37200e+02 2.90000e+02 7.28500e-06 1.66000e-07 1.66000e-07 1.18000e-07 1.18000e-07
2.90000e+02 3.70000e+02 3.70500e-06 9.80000e-08 9.80000e-08 7.60000e-08 7.60000e-08
3.70000e+02 5.00000e+02 1.53900e-06 5.30000e-08 5.30000e-08 3.40000e-08 3.40000e-08
5.00000e+02 7.00000e+02 5.58600e-07 2.73000e-08 2.73000e-08 1.84000e-08 1.84000e-08
7.00000e+02 1.00000e+03 1.87700e-07 1.44000e-08 1.44000e-08 1.23000e-08 1.23000e-08
1.00000e+03 1.40000e+03 4.78600e-08 7.41000e-09 7.41000e-09 4.37000e-09 4.37000e-09
1.40000e+03 2.00000e+03 1.21600e-08 4.01000e-09 4.01000e-09 2.83000e-09 2.83000e-09
