#source: CRDB
#Quantity: 1H-bar
#EnergyType: R
#Experiment: AMS02
#ads: 2021PhR...894....1A
#E_lo - E_up - y - errSta_lo - errSta_up - errSys_lo - errSys_up
1.00000e+00 1.16000e+00 6.41000e-03 8.50000e-04 8.50000e-04 5.70000e-04 5.70000e-04
1.16000e+00 1.33000e+00 7.78000e-03 6.40000e-04 6.40000e-04 6.10000e-04 6.10000e-04
1.33000e+00 1.51000e+00 9.29000e-03 6.00000e-04 6.00000e-04 6.30000e-04 6.30000e-04
1.51000e+00 1.71000e+00 1.11000e-02 4.00000e-04 4.00000e-04 7.00000e-04 7.00000e-04
1.71000e+00 1.92000e+00 1.25000e-02 4.00000e-04 4.00000e-04 7.00000e-04 7.00000e-04
1.92000e+00 2.15000e+00 1.36000e-02 4.00000e-04 4.00000e-04 7.00000e-04 7.00000e-04
2.15000e+00 2.40000e+00 1.52000e-02 4.00000e-04 4.00000e-04 8.00000e-04 8.00000e-04
2.40000e+00 2.67000e+00 1.60000e-02 3.00000e-04 3.00000e-04 8.00000e-04 8.00000e-04
2.67000e+00 2.97000e+00 1.59000e-02 3.00000e-04 3.00000e-04 8.00000e-04 8.00000e-04
2.97000e+00 3.29000e+00 1.67000e-02 3.00000e-04 3.00000e-04 8.00000e-04 8.00000e-04
3.29000e+00 3.64000e+00 1.58000e-02 3.00000e-04 3.00000e-04 8.00000e-04 8.00000e-04
3.64000e+00 4.02000e+00 1.48000e-02 3.00000e-04 3.00000e-04 7.00000e-04 7.00000e-04
4.02000e+00 4.43000e+00 1.52000e-02 3.00000e-04 3.00000e-04 7.00000e-04 7.00000e-04
4.43000e+00 4.88000e+00 1.38000e-02 2.00000e-04 2.00000e-04 6.00000e-04 6.00000e-04
4.88000e+00 5.37000e+00 1.22000e-02 2.00000e-04 2.00000e-04 5.00000e-04 5.00000e-04
5.37000e+00 5.90000e+00 1.11000e-02 1.00000e-04 1.00000e-04 5.00000e-04 5.00000e-04
5.90000e+00 6.47000e+00 9.57000e-03 1.00000e-04 1.00000e-04 4.10000e-04 4.10000e-04
6.47000e+00 7.09000e+00 8.52000e-03 8.00000e-05 8.00000e-05 3.60000e-04 3.60000e-04
7.09000e+00 7.76000e+00 7.48000e-03 7.00000e-05 7.00000e-05 3.10000e-04 3.10000e-04
7.76000e+00 8.48000e+00 6.18000e-03 6.00000e-05 6.00000e-05 2.50000e-04 2.50000e-04
8.48000e+00 9.26000e+00 5.23000e-03 5.00000e-05 5.00000e-05 2.10000e-04 2.10000e-04
9.26000e+00 1.01000e+01 4.47000e-03 2.00000e-05 2.00000e-05 1.70000e-04 1.70000e-04
1.01000e+01 1.10000e+01 3.79000e-03 2.00000e-05 2.00000e-05 1.40000e-04 1.40000e-04
1.10000e+01 1.20000e+01 3.04000e-03 2.00000e-05 2.00000e-05 1.10000e-04 1.10000e-04
1.20000e+01 1.30000e+01 2.57000e-03 2.00000e-05 2.00000e-05 9.00000e-05 9.00000e-05
1.30000e+01 1.41000e+01 2.15000e-03 1.00000e-05 1.00000e-05 8.00000e-05 8.00000e-05
1.41000e+01 1.53000e+01 1.74000e-03 1.00000e-05 1.00000e-05 6.00000e-05 6.00000e-05
1.53000e+01 1.66000e+01 1.42000e-03 1.00000e-05 1.00000e-05 5.00000e-05 5.00000e-05
1.66000e+01 1.80000e+01 1.16000e-03 1.00000e-05 1.00000e-05 4.00000e-05 4.00000e-05
1.80000e+01 1.95000e+01 9.52000e-04 7.00000e-06 7.00000e-06 3.20000e-05 3.20000e-05
1.95000e+01 2.11000e+01 7.71000e-04 6.00000e-06 6.00000e-06 2.50000e-05 2.50000e-05
2.11000e+01 2.28000e+01 6.33000e-04 5.00000e-06 5.00000e-06 2.00000e-05 2.00000e-05
2.28000e+01 2.47000e+01 5.09000e-04 4.00000e-06 4.00000e-06 1.50000e-05 1.50000e-05
2.47000e+01 2.67000e+01 4.03000e-04 3.00000e-06 3.00000e-06 1.10000e-05 1.10000e-05
2.67000e+01 2.88000e+01 3.30000e-04 3.00000e-06 3.00000e-06 9.00000e-06 9.00000e-06
2.88000e+01 3.11000e+01 2.71000e-04 2.00000e-06 2.00000e-06 7.00000e-06 7.00000e-06
3.11000e+01 3.35000e+01 2.16000e-04 2.00000e-06 2.00000e-06 6.00000e-06 6.00000e-06
3.35000e+01 3.61000e+01 1.81000e-04 2.00000e-06 2.00000e-06 5.00000e-06 5.00000e-06
3.61000e+01 3.89000e+01 1.43000e-04 2.00000e-06 2.00000e-06 4.00000e-06 4.00000e-06
3.89000e+01 4.19000e+01 1.10000e-04 2.00000e-06 2.00000e-06 3.00000e-06 3.00000e-06
4.19000e+01 4.51000e+01 8.80000e-05 1.60000e-06 1.60000e-06 2.40000e-06 2.40000e-06
4.51000e+01 4.85000e+01 7.19000e-05 1.40000e-06 1.40000e-06 2.00000e-06 2.00000e-06
4.85000e+01 5.22000e+01 5.94000e-05 1.30000e-06 1.30000e-06 1.60000e-06 1.60000e-06
5.22000e+01 5.61000e+01 4.97000e-05 1.10000e-06 1.10000e-06 1.40000e-06 1.40000e-06
5.61000e+01 6.03000e+01 3.83000e-05 1.00000e-06 1.00000e-06 1.10000e-06 1.10000e-06
6.03000e+01 6.48000e+01 3.16000e-05 8.00000e-07 8.00000e-07 9.00000e-07 9.00000e-07
6.48000e+01 6.97000e+01 2.39000e-05 7.00000e-07 7.00000e-07 7.00000e-07 7.00000e-07
6.97000e+01 7.49000e+01 2.09000e-05 7.00000e-07 7.00000e-07 6.00000e-07 6.00000e-07
7.49000e+01 8.05000e+01 1.70000e-05 6.00000e-07 6.00000e-07 5.00000e-07 5.00000e-07
8.05000e+01 9.30000e+01 1.27000e-05 4.00000e-07 4.00000e-07 4.00000e-07 4.00000e-07
9.30000e+01 1.08000e+02 7.77000e-06 2.60000e-07 2.60000e-07 2.90000e-07 2.90000e-07
1.08000e+02 1.25000e+02 4.94000e-06 2.10000e-07 2.10000e-07 2.10000e-07 2.10000e-07
1.25000e+02 1.47000e+02 3.41000e-06 1.70000e-07 1.70000e-07 1.60000e-07 1.60000e-07
1.47000e+02 1.75000e+02 2.34000e-06 1.30000e-07 1.30000e-07 1.30000e-07 1.30000e-07
1.75000e+02 2.11000e+02 1.12000e-06 1.20000e-07 1.20000e-07 9.00000e-08 9.00000e-08
2.11000e+02 2.50000e+02 8.21000e-07 1.04000e-07 1.04000e-07 7.30000e-08 7.30000e-08
2.50000e+02 3.30000e+02 4.37000e-07 7.00000e-08 7.00000e-08 5.50000e-08 5.50000e-08
3.30000e+02 5.25000e+02 1.33000e-07 3.60000e-08 3.60000e-08 3.90000e-08 3.90000e-08
