#source: CRDB
#Quantity: e-
#EnergyType: R
#Experiment: AMS02
#ads: 2021PhR...894....1A
#E_lo - E_up - y - errSta_lo - errSta_up - errSys_lo - errSys_up
5.00000e-01 6.50000e-01 1.73100e+01 2.10000e-01 2.10000e-01 7.80000e-01 7.80000e-01
6.50000e-01 8.20000e-01 1.71000e+01 6.00000e-02 6.00000e-02 6.30000e-01 6.30000e-01
8.20000e-01 1.01000e+00 1.65800e+01 4.00000e-02 4.00000e-02 4.90000e-01 4.90000e-01
1.01000e+00 1.22000e+00 1.56200e+01 3.00000e-02 3.00000e-02 3.80000e-01 3.80000e-01
1.22000e+00 1.46000e+00 1.39100e+01 2.00000e-02 2.00000e-02 2.80000e-01 2.80000e-01
1.46000e+00 1.72000e+00 1.20000e+01 1.00000e-02 1.00000e-02 2.00000e-01 2.00000e-01
1.72000e+00 2.00000e+00 1.02700e+01 1.00000e-02 1.00000e-02 1.50000e-01 1.50000e-01
2.00000e+00 2.31000e+00 8.40300e+00 7.00000e-03 7.00000e-03 1.10000e-01 1.10000e-01
2.31000e+00 2.65000e+00 6.89700e+00 6.00000e-03 6.00000e-03 8.30000e-02 8.30000e-02
2.65000e+00 3.00000e+00 5.50400e+00 4.00000e-03 4.00000e-03 6.40000e-02 6.40000e-02
3.00000e+00 3.36000e+00 4.40500e+00 4.00000e-03 4.00000e-03 5.00000e-02 5.00000e-02
3.36000e+00 3.73000e+00 3.55500e+00 3.00000e-03 3.00000e-03 4.00000e-02 4.00000e-02
3.73000e+00 4.12000e+00 2.85900e+00 2.00000e-03 2.00000e-03 3.20000e-02 3.20000e-02
4.12000e+00 4.54000e+00 2.27900e+00 2.00000e-03 2.00000e-03 2.50000e-02 2.50000e-02
4.54000e+00 5.00000e+00 1.80000e+00 2.00000e-03 2.00000e-03 2.00000e-02 2.00000e-02
5.00000e+00 5.49000e+00 1.40900e+00 1.00000e-03 1.00000e-03 1.60000e-02 1.60000e-02
5.49000e+00 6.00000e+00 1.10400e+00 1.00000e-03 1.00000e-03 1.30000e-02 1.30000e-02
6.00000e+00 6.54000e+00 8.71500e-01 8.00000e-04 8.00000e-04 1.00000e-02 1.00000e-02
6.54000e+00 7.10000e+00 6.88500e-01 7.00000e-04 7.00000e-04 7.90000e-03 7.90000e-03
7.10000e+00 7.69000e+00 5.43900e-01 6.00000e-04 6.00000e-04 6.30000e-03 6.30000e-03
7.69000e+00 8.30000e+00 4.30900e-01 5.00000e-04 5.00000e-04 5.10000e-03 5.10000e-03
8.30000e+00 8.95000e+00 3.41500e-01 4.00000e-04 4.00000e-04 4.00000e-03 4.00000e-03
8.95000e+00 9.62000e+00 2.74700e-01 3.00000e-04 3.00000e-04 3.30000e-03 3.30000e-03
9.62000e+00 1.03200e+01 2.20400e-01 3.00000e-04 3.00000e-04 2.60000e-03 2.60000e-03
1.03200e+01 1.10400e+01 1.77900e-01 3.00000e-04 3.00000e-04 2.20000e-03 2.20000e-03
1.10400e+01 1.18000e+01 1.43800e-01 2.00000e-04 2.00000e-04 1.80000e-03 1.80000e-03
1.18000e+01 1.25900e+01 1.17000e-01 2.00000e-04 2.00000e-04 1.40000e-03 1.40000e-03
1.25900e+01 1.34100e+01 9.55700e-02 1.60000e-04 1.60000e-04 1.18000e-03 1.18000e-03
1.34100e+01 1.42500e+01 7.84900e-02 1.40000e-04 1.40000e-04 9.80000e-04 9.80000e-04
1.42500e+01 1.51400e+01 6.43900e-02 1.20000e-04 1.20000e-04 8.10000e-04 8.10000e-04
1.51400e+01 1.60500e+01 5.31600e-02 1.10000e-04 1.10000e-04 6.70000e-04 6.70000e-04
1.60500e+01 1.70000e+01 4.38200e-02 9.00000e-05 9.00000e-05 5.60000e-04 5.60000e-04
1.70000e+01 1.79800e+01 3.65900e-02 8.00000e-05 8.00000e-05 4.70000e-04 4.70000e-04
1.79800e+01 1.89900e+01 3.05700e-02 7.00000e-05 7.00000e-05 3.90000e-04 3.90000e-04
1.89900e+01 2.00400e+01 2.57300e-02 6.00000e-05 6.00000e-05 3.30000e-04 3.30000e-04
2.00400e+01 2.11300e+01 2.14600e-02 6.00000e-05 6.00000e-05 2.80000e-04 2.80000e-04
2.11300e+01 2.22500e+01 1.80400e-02 5.00000e-05 5.00000e-05 2.40000e-04 2.40000e-04
2.22500e+01 2.34200e+01 1.52400e-02 4.00000e-05 4.00000e-05 2.00000e-04 2.00000e-04
2.34200e+01 2.46200e+01 1.29100e-02 4.00000e-05 4.00000e-05 1.70000e-04 1.70000e-04
2.46200e+01 2.59000e+01 1.09900e-02 4.00000e-05 4.00000e-05 1.50000e-04 1.50000e-04
2.59000e+01 2.72500e+01 9.23600e-03 3.10000e-05 3.10000e-05 1.23000e-04 1.23000e-04
2.72500e+01 2.86800e+01 7.84100e-03 2.80000e-05 2.80000e-05 1.05000e-04 1.05000e-04
2.86800e+01 3.02100e+01 6.62200e-03 2.50000e-05 2.50000e-05 8.90000e-05 8.90000e-05
3.02100e+01 3.18200e+01 5.53000e-03 2.20000e-05 2.20000e-05 7.40000e-05 7.40000e-05
3.18200e+01 3.35300e+01 4.68500e-03 2.00000e-05 2.00000e-05 6.30000e-05 6.30000e-05
3.35300e+01 3.53600e+01 3.94700e-03 1.70000e-05 1.70000e-05 5.30000e-05 5.30000e-05
3.53600e+01 3.73100e+01 3.31100e-03 1.50000e-05 1.50000e-05 4.50000e-05 4.50000e-05
3.73100e+01 3.93900e+01 2.80600e-03 1.40000e-05 1.40000e-05 3.80000e-05 3.80000e-05
3.93900e+01 4.16100e+01 2.34300e-03 1.20000e-05 1.20000e-05 3.20000e-05 3.20000e-05
4.16100e+01 4.40000e+01 1.95100e-03 1.10000e-05 1.10000e-05 2.70000e-05 2.70000e-05
4.40000e+01 4.65700e+01 1.63500e-03 1.00000e-05 1.00000e-05 2.20000e-05 2.20000e-05
4.65700e+01 4.93300e+01 1.36700e-03 8.00000e-06 8.00000e-06 1.90000e-05 1.90000e-05
4.93300e+01 5.23300e+01 1.11900e-03 7.00000e-06 7.00000e-06 1.50000e-05 1.50000e-05
5.23300e+01 5.55800e+01 9.29700e-04 6.40000e-06 6.40000e-06 1.28000e-05 1.28000e-05
5.55800e+01 5.91300e+01 7.66300e-04 5.60000e-06 5.60000e-06 1.06000e-05 1.06000e-05
5.91300e+01 6.30200e+01 6.19100e-04 4.80000e-06 4.80000e-06 8.60000e-06 8.60000e-06
6.30200e+01 6.73000e+01 5.07200e-04 4.20000e-06 4.20000e-06 7.00000e-06 7.00000e-06
6.73000e+01 7.20500e+01 4.07500e-04 3.50000e-06 3.50000e-06 5.60000e-06 5.60000e-06
7.20500e+01 7.73700e+01 3.29600e-04 3.00000e-06 3.00000e-06 4.60000e-06 4.60000e-06
7.73700e+01 8.33600e+01 2.61300e-04 2.50000e-06 2.50000e-06 3.60000e-06 3.60000e-06
8.33600e+01 9.01900e+01 2.04800e-04 2.10000e-06 2.10000e-06 2.80000e-06 2.80000e-06
9.01900e+01 9.80800e+01 1.57900e-04 1.70000e-06 1.70000e-06 2.20000e-06 2.20000e-06
9.80800e+01 1.07300e+02 1.21400e-04 1.40000e-06 1.40000e-06 1.70000e-06 1.70000e-06
1.07300e+02 1.18400e+02 8.89100e-05 1.11000e-06 1.11000e-06 1.24000e-06 1.24000e-06
1.18400e+02 1.32100e+02 6.46000e-05 8.60000e-07 8.60000e-07 9.00000e-07 9.00000e-07
1.32100e+02 1.48800e+02 4.53100e-05 6.60000e-07 6.60000e-07 6.50000e-07 6.50000e-07
1.48800e+02 1.69900e+02 3.01000e-05 4.80000e-07 4.80000e-07 4.30000e-07 4.30000e-07
1.69900e+02 1.97700e+02 1.85300e-05 3.40000e-07 3.40000e-07 2.70000e-07 2.70000e-07
1.97700e+02 2.37200e+02 1.07500e-05 2.30000e-07 2.30000e-07 1.70000e-07 1.70000e-07
2.37200e+02 2.90000e+02 5.97800e-06 1.49000e-07 1.49000e-07 1.00000e-07 1.00000e-07
2.90000e+02 3.70000e+02 3.12900e-06 9.60000e-08 9.60000e-08 5.50000e-08 5.50000e-08
3.70000e+02 5.00000e+02 1.27800e-06 5.00000e-08 5.00000e-08 2.60000e-08 2.60000e-08
5.00000e+02 7.00000e+02 4.56000e-07 2.68000e-08 2.68000e-08 1.19000e-08 1.19000e-08
7.00000e+02 1.00000e+03 1.77100e-07 1.58000e-08 1.58000e-08 6.30000e-09 6.30000e-09
1.00000e+03 1.40000e+03 4.12300e-08 7.00000e-09 7.00000e-09 2.20000e-09 2.20000e-09
