#source: CRDB
#Quantity: 1H/e-
#EnergyType: R
#Experiment: AMS02
#ads: 2016PhRvL.117i1103A
#E_lo - E_up - y - errSta_lo - errSta_up - errSys_lo - errSys_up
1.03000e+01 1.10000e+01 1.18000e+02 0.00000e+00 0.00000e+00 7.62000e+00 7.62000e+00
1.10000e+01 1.18000e+01 1.22000e+02 0.00000e+00 0.00000e+00 8.54000e+00 8.54000e+00
1.18000e+01 1.26000e+01 1.27000e+02 0.00000e+00 0.00000e+00 8.54000e+00 8.54000e+00
1.26000e+01 1.34000e+01 1.31000e+02 0.00000e+00 0.00000e+00 8.94000e+00 8.94000e+00
1.34000e+01 1.42000e+01 1.36000e+02 0.00000e+00 0.00000e+00 9.85000e+00 9.85000e+00
1.42000e+01 1.51000e+01 1.41000e+02 0.00000e+00 0.00000e+00 9.85000e+00 9.85000e+00
1.51000e+01 1.61000e+01 1.47000e+02 1.00000e+00 1.00000e+00 1.08000e+01 1.08000e+01
1.61000e+01 1.70000e+01 1.51000e+02 1.00000e+00 1.00000e+00 1.08000e+01 1.08000e+01
1.70000e+01 1.80000e+01 1.57000e+02 1.00000e+00 1.00000e+00 1.08000e+01 1.08000e+01
1.80000e+01 1.90000e+01 1.61000e+02 1.00000e+00 1.00000e+00 1.17000e+01 1.17000e+01
1.90000e+01 2.00000e+01 1.67000e+02 1.00000e+00 1.00000e+00 1.21000e+01 1.21000e+01
2.00000e+01 2.11000e+01 1.73000e+02 1.00000e+00 1.00000e+00 1.30000e+01 1.30000e+01
2.11000e+01 2.22000e+01 1.78000e+02 1.00000e+00 1.00000e+00 1.21000e+01 1.21000e+01
2.22000e+01 2.34000e+01 1.81000e+02 1.00000e+00 1.00000e+00 1.30000e+01 1.30000e+01
2.34000e+01 2.46000e+01 1.87000e+02 1.00000e+00 1.00000e+00 1.30000e+01 1.30000e+01
2.46000e+01 2.59000e+01 1.92000e+02 1.00000e+00 1.00000e+00 1.39000e+01 1.39000e+01
2.59000e+01 2.72000e+01 1.97000e+02 1.00000e+00 1.00000e+00 1.39000e+01 1.39000e+01
2.72000e+01 2.87000e+01 2.03000e+02 1.00000e+00 1.00000e+00 1.43000e+01 1.43000e+01
2.87000e+01 3.02000e+01 2.07000e+02 1.00000e+00 1.00000e+00 1.52000e+01 1.52000e+01
3.02000e+01 3.18000e+01 2.15000e+02 2.00000e+00 2.00000e+00 1.62000e+01 1.62000e+01
3.18000e+01 3.35000e+01 2.21000e+02 2.00000e+00 2.00000e+00 1.62000e+01 1.62000e+01
3.35000e+01 3.54000e+01 2.30000e+02 2.00000e+00 2.00000e+00 1.66000e+01 1.66000e+01
3.54000e+01 3.73000e+01 2.31000e+02 2.00000e+00 2.00000e+00 1.57000e+01 1.57000e+01
3.73000e+01 3.94000e+01 2.37000e+02 2.00000e+00 2.00000e+00 1.75000e+01 1.75000e+01
3.94000e+01 4.16000e+01 2.46000e+02 2.00000e+00 2.00000e+00 1.66000e+01 1.66000e+01
4.16000e+01 4.40000e+01 2.45000e+02 2.00000e+00 2.00000e+00 1.75000e+01 1.75000e+01
4.40000e+01 4.66000e+01 2.58000e+02 3.00000e+00 3.00000e+00 1.88000e+01 1.88000e+01
4.66000e+01 4.93000e+01 2.60000e+02 3.00000e+00 3.00000e+00 1.79000e+01 1.79000e+01
4.93000e+01 5.23000e+01 2.68000e+02 3.00000e+00 3.00000e+00 1.97000e+01 1.97000e+01
5.23000e+01 5.56000e+01 2.75000e+02 4.00000e+00 4.00000e+00 1.97000e+01 1.97000e+01
5.56000e+01 5.91000e+01 2.85000e+02 4.00000e+00 4.00000e+00 2.01000e+01 2.01000e+01
5.91000e+01 6.30000e+01 2.88000e+02 4.00000e+00 4.00000e+00 2.10000e+01 2.10000e+01
6.30000e+01 6.73000e+01 3.01000e+02 5.00000e+00 5.00000e+00 2.38000e+01 2.38000e+01
6.73000e+01 7.20000e+01 3.21000e+02 5.00000e+00 5.00000e+00 2.33000e+01 2.33000e+01
7.20000e+01 7.74000e+01 3.17000e+02 6.00000e+00 6.00000e+00 2.15000e+01 2.15000e+01
7.74000e+01 8.34000e+01 3.31000e+02 6.00000e+00 6.00000e+00 2.37000e+01 2.37000e+01
8.34000e+01 9.02000e+01 3.33000e+02 7.00000e+00 7.00000e+00 2.37000e+01 2.37000e+01
9.02000e+01 9.81000e+01 3.46000e+02 7.00000e+00 7.00000e+00 2.42000e+01 2.42000e+01
9.81000e+01 1.07000e+02 3.45000e+02 8.00000e+00 8.00000e+00 2.47000e+01 2.47000e+01
1.07000e+02 1.18000e+02 3.58000e+02 8.00000e+00 8.00000e+00 2.64000e+01 2.64000e+01
1.18000e+02 1.32000e+02 3.68000e+02 9.00000e+00 9.00000e+00 2.87000e+01 2.87000e+01
1.32000e+02 1.49000e+02 4.05000e+02 1.20000e+01 1.20000e+01 3.14000e+01 3.14000e+01
1.49000e+02 1.70000e+02 4.07000e+02 1.30000e+01 1.30000e+01 2.88000e+01 2.88000e+01
1.70000e+02 1.98000e+02 4.27000e+02 1.50000e+01 1.50000e+01 3.28000e+01 3.28000e+01
1.98000e+02 2.37000e+02 4.62000e+02 1.80000e+01 1.80000e+01 3.50000e+01 3.50000e+01
2.37000e+02 2.90000e+02 4.54000e+02 2.10000e+01 2.10000e+01 3.55000e+01 3.55000e+01
2.90000e+02 3.70000e+02 5.11000e+02 3.00000e+01 3.00000e+01 5.04000e+01 5.04000e+01
3.70000e+02 5.00000e+02 6.26000e+02 5.30000e+01 5.30000e+01 7.68000e+01 7.68000e+01
5.00000e+02 7.00000e+02 7.11000e+02 1.01000e+02 1.01000e+02 1.41000e+02 1.41000e+02
