#source: CRDB
#Quantity: e+/e-+e+
#EnergyType: EK
#Experiment: AMS02
#ads: 2019PhRvL.122j1101A
#E_lo - E_up - y - errSta_lo - errSta_up - errSys_lo - errSys_up
5.00000e-01 6.50000e-01 1.30900e-01 4.90000e-03 4.90000e-03 3.30000e-03 3.30000e-03
6.50000e-01 8.20000e-01 1.29500e-01 1.30000e-03 1.30000e-03 2.10000e-03 2.10000e-03
8.20000e-01 1.01000e+00 1.18800e-01 8.00000e-04 8.00000e-04 1.00000e-03 1.00000e-03
1.01000e+00 1.22000e+00 1.09000e-01 6.00000e-04 6.00000e-04 7.00000e-04 7.00000e-04
1.22000e+00 1.46000e+00 9.91900e-02 4.40000e-04 4.40000e-04 5.20000e-04 5.20000e-04
1.46000e+00 1.72000e+00 9.08100e-02 3.40000e-04 3.40000e-04 4.00000e-04 4.00000e-04
1.72000e+00 2.00000e+00 8.31600e-02 2.70000e-04 2.70000e-04 3.00000e-04 3.00000e-04
2.00000e+00 2.31000e+00 7.73500e-02 2.40000e-04 2.40000e-04 2.70000e-04 2.70000e-04
2.31000e+00 2.65000e+00 7.22100e-02 2.10000e-04 2.10000e-04 2.50000e-04 2.50000e-04
2.65000e+00 3.00000e+00 6.78300e-02 2.10000e-04 2.10000e-04 2.30000e-04 2.30000e-04
3.00000e+00 3.36000e+00 6.45500e-02 2.00000e-04 2.00000e-04 2.20000e-04 2.20000e-04
3.36000e+00 3.73000e+00 6.19600e-02 2.00000e-04 2.00000e-04 2.10000e-04 2.10000e-04
3.73000e+00 4.12000e+00 5.97200e-02 2.00000e-04 2.00000e-04 2.00000e-04 2.00000e-04
4.12000e+00 4.54000e+00 5.75900e-02 2.00000e-04 2.00000e-04 1.90000e-04 1.90000e-04
4.54000e+00 5.00000e+00 5.62000e-02 2.00000e-04 2.00000e-04 1.80000e-04 1.80000e-04
5.00000e+00 5.49000e+00 5.51700e-02 2.00000e-04 2.00000e-04 1.80000e-04 1.80000e-04
5.49000e+00 6.00000e+00 5.39100e-02 2.10000e-04 2.10000e-04 1.70000e-04 1.70000e-04
6.00000e+00 6.54000e+00 5.35300e-02 2.10000e-04 2.10000e-04 1.70000e-04 1.70000e-04
6.54000e+00 7.10000e+00 5.35300e-02 2.20000e-04 2.20000e-04 1.70000e-04 1.70000e-04
7.10000e+00 7.69000e+00 5.26000e-02 2.30000e-04 2.30000e-04 1.70000e-04 1.70000e-04
7.69000e+00 8.30000e+00 5.28900e-02 2.50000e-04 2.50000e-04 1.70000e-04 1.70000e-04
8.30000e+00 8.95000e+00 5.27200e-02 2.60000e-04 2.60000e-04 1.70000e-04 1.70000e-04
8.95000e+00 9.62000e+00 5.27700e-02 2.80000e-04 2.80000e-04 1.80000e-04 1.80000e-04
9.62000e+00 1.03200e+01 5.33300e-02 3.00000e-04 3.00000e-04 1.80000e-04 1.80000e-04
1.03200e+01 1.10400e+01 5.35300e-02 3.30000e-04 3.30000e-04 1.90000e-04 1.90000e-04
1.10400e+01 1.18000e+01 5.45600e-02 3.50000e-04 3.50000e-04 1.90000e-04 1.90000e-04
1.18000e+01 1.25900e+01 5.58100e-02 3.70000e-04 3.70000e-04 2.00000e-04 2.00000e-04
1.25900e+01 1.34100e+01 5.59500e-02 4.00000e-04 4.00000e-04 2.00000e-04 2.00000e-04
1.34100e+01 1.42500e+01 5.58100e-02 4.30000e-04 4.30000e-04 2.00000e-04 2.00000e-04
1.42500e+01 1.51400e+01 5.65600e-02 4.50000e-04 4.50000e-04 2.00000e-04 2.00000e-04
1.51400e+01 1.60500e+01 5.77600e-02 4.80000e-04 4.80000e-04 2.10000e-04 2.10000e-04
1.60500e+01 1.70000e+01 5.83300e-02 5.10000e-04 5.10000e-04 2.10000e-04 2.10000e-04
1.70000e+01 1.79800e+01 5.89100e-02 5.40000e-04 5.40000e-04 2.10000e-04 2.10000e-04
1.79800e+01 1.89900e+01 5.94000e-02 5.70000e-04 5.70000e-04 2.10000e-04 2.10000e-04
1.89900e+01 2.00400e+01 6.07500e-02 6.00000e-04 6.00000e-04 2.10000e-04 2.10000e-04
2.00400e+01 2.11300e+01 6.33900e-02 6.50000e-04 6.50000e-04 2.20000e-04 2.20000e-04
2.11300e+01 2.22500e+01 6.29800e-02 6.80000e-04 6.80000e-04 2.20000e-04 2.20000e-04
2.22500e+01 2.34200e+01 6.25200e-02 7.20000e-04 7.20000e-04 2.20000e-04 2.20000e-04
2.34200e+01 2.46200e+01 6.52900e-02 7.70000e-04 7.70000e-04 2.40000e-04 2.40000e-04
2.46200e+01 2.59000e+01 6.49500e-02 8.00000e-04 8.00000e-04 2.40000e-04 2.40000e-04
2.59000e+01 2.72500e+01 6.80800e-02 8.60000e-04 8.60000e-04 2.60000e-04 2.60000e-04
2.72500e+01 2.86800e+01 6.82000e-02 9.10000e-04 9.10000e-04 2.70000e-04 2.70000e-04
2.86800e+01 3.02100e+01 7.09300e-02 9.70000e-04 9.70000e-04 2.90000e-04 2.90000e-04
3.02100e+01 3.18200e+01 7.16400e-02 1.05000e-03 1.05000e-03 3.00000e-04 3.00000e-04
3.18200e+01 3.35300e+01 7.27400e-02 1.11000e-03 1.11000e-03 3.10000e-04 3.10000e-04
3.35300e+01 3.53600e+01 7.33000e-02 1.18000e-03 1.18000e-03 3.20000e-04 3.20000e-04
3.53600e+01 3.73100e+01 7.66900e-02 1.27000e-03 1.27000e-03 3.50000e-04 3.50000e-04
3.73100e+01 3.93900e+01 7.65200e-02 1.34000e-03 1.34000e-03 3.60000e-04 3.60000e-04
3.93900e+01 4.16100e+01 7.87000e-02 1.43000e-03 1.43000e-03 3.80000e-04 3.80000e-04
4.16100e+01 4.40000e+01 8.10500e-02 1.54000e-03 1.54000e-03 4.10000e-04 4.10000e-04
4.40000e+01 4.65700e+01 8.11500e-02 1.63000e-03 1.63000e-03 4.20000e-04 4.20000e-04
4.65700e+01 4.93300e+01 8.81100e-02 1.78000e-03 1.78000e-03 4.70000e-04 4.70000e-04
4.93300e+01 5.23300e+01 8.40600e-02 1.86000e-03 1.86000e-03 4.70000e-04 4.70000e-04
5.23300e+01 5.55800e+01 8.68900e-02 1.99000e-03 1.99000e-03 5.10000e-04 5.10000e-04
5.55800e+01 5.91300e+01 8.96700e-02 2.13000e-03 2.13000e-03 5.40000e-04 5.40000e-04
5.91300e+01 6.30200e+01 8.97800e-02 2.28000e-03 2.28000e-03 5.60000e-04 5.60000e-04
6.30200e+01 6.73000e+01 9.77500e-02 2.49000e-03 2.49000e-03 6.30000e-04 6.30000e-04
6.73000e+01 7.20500e+01 9.67000e-02 2.63000e-03 2.63000e-03 6.60000e-04 6.60000e-04
7.20500e+01 7.73700e+01 1.03900e-01 2.80000e-03 2.80000e-03 7.00000e-04 7.00000e-04
7.73700e+01 8.33600e+01 1.03300e-01 3.00000e-03 3.00000e-03 8.00000e-04 8.00000e-04
8.33600e+01 9.01900e+01 1.09100e-01 3.30000e-03 3.30000e-03 9.00000e-04 9.00000e-04
9.01900e+01 9.80800e+01 1.14200e-01 3.60000e-03 3.60000e-03 1.00000e-03 1.00000e-03
9.80800e+01 1.07300e+02 1.07300e-01 4.00000e-03 4.00000e-03 9.00000e-04 9.00000e-04
1.07300e+02 1.18400e+02 1.16500e-01 4.40000e-03 4.40000e-03 1.00000e-03 1.00000e-03
1.18400e+02 1.32100e+02 1.18300e-01 4.70000e-03 4.70000e-03 1.00000e-03 1.00000e-03
1.32100e+02 1.48800e+02 1.33700e-01 5.30000e-03 5.30000e-03 1.20000e-03 1.20000e-03
1.48800e+02 1.69900e+02 1.32300e-01 5.80000e-03 5.80000e-03 1.20000e-03 1.20000e-03
1.69900e+02 1.97700e+02 1.47200e-01 6.80000e-03 6.80000e-03 1.40000e-03 1.40000e-03
1.97700e+02 2.37200e+02 1.48100e-01 8.00000e-03 8.00000e-03 1.70000e-03 1.70000e-03
2.37200e+02 2.90000e+02 1.62100e-01 9.70000e-03 9.70000e-03 2.30000e-03 2.30000e-03
2.90000e+02 3.70000e+02 1.55700e-01 1.20000e-02 1.20000e-02 2.80000e-03 2.80000e-03
3.70000e+02 5.00000e+02 1.63000e-01 1.66000e-02 1.66000e-02 5.00000e-03 5.00000e-03
5.00000e+02 7.00000e+02 1.54100e-01 2.74000e-02 2.74000e-02 1.30000e-02 1.30000e-02
7.00000e+02 1.00000e+03 9.80200e-02 5.05200e-02 5.05200e-02 2.18100e-02 2.18100e-02
