#source: CRDB
#Quantity: e+
#EnergyType: R
#Experiment: AMS02
#ads: 2021PhR...894....1A
#E_lo - E_up - y - errSta_lo - errSta_up - errSys_lo - errSys_up
5.00000e-01 6.50000e-01 2.66900e+00 1.09000e-01 1.09000e-01 1.41000e-01 1.41000e-01
6.50000e-01 8.20000e-01 2.57600e+00 2.90000e-02 2.90000e-02 1.05000e-01 1.05000e-01
8.20000e-01 1.01000e+00 2.27200e+00 1.60000e-02 1.60000e-02 7.10000e-02 7.10000e-02
1.01000e+00 1.22000e+00 1.92900e+00 1.10000e-02 1.10000e-02 4.90000e-02 4.90000e-02
1.22000e+00 1.46000e+00 1.52800e+00 7.00000e-03 7.00000e-03 3.20000e-02 3.20000e-02
1.46000e+00 1.72000e+00 1.19600e+00 5.00000e-03 5.00000e-03 2.10000e-02 2.10000e-02
1.72000e+00 2.00000e+00 9.23900e-01 3.20000e-03 3.20000e-03 1.39000e-02 1.39000e-02
2.00000e+00 2.31000e+00 7.00300e-01 2.20000e-03 2.20000e-03 9.50000e-03 9.50000e-03
2.31000e+00 2.65000e+00 5.34100e-01 1.60000e-03 1.60000e-03 6.80000e-03 6.80000e-03
2.65000e+00 3.00000e+00 3.98300e-01 1.30000e-03 1.30000e-03 4.90000e-03 4.90000e-03
3.00000e+00 3.36000e+00 3.02400e-01 1.00000e-03 1.00000e-03 3.60000e-03 3.60000e-03
3.36000e+00 3.73000e+00 2.33800e-01 8.00000e-04 8.00000e-04 2.80000e-03 2.80000e-03
3.73000e+00 4.12000e+00 1.80900e-01 6.00000e-04 6.00000e-04 2.10000e-03 2.10000e-03
4.12000e+00 4.54000e+00 1.38900e-01 5.00000e-04 5.00000e-04 1.60000e-03 1.60000e-03
4.54000e+00 5.00000e+00 1.06900e-01 4.00000e-04 4.00000e-04 1.30000e-03 1.30000e-03
5.00000e+00 5.49000e+00 8.20800e-02 3.10000e-04 3.10000e-04 9.90000e-04 9.90000e-04
5.49000e+00 6.00000e+00 6.27800e-02 2.50000e-04 2.50000e-04 7.60000e-04 7.60000e-04
6.00000e+00 6.54000e+00 4.92300e-02 2.00000e-04 2.00000e-04 6.00000e-04 6.00000e-04
6.54000e+00 7.10000e+00 3.89000e-02 1.70000e-04 1.70000e-04 4.80000e-04 4.80000e-04
7.10000e+00 7.69000e+00 3.01800e-02 1.40000e-04 1.40000e-04 3.70000e-04 3.70000e-04
7.69000e+00 8.30000e+00 2.40600e-02 1.20000e-04 1.20000e-04 3.00000e-04 3.00000e-04
8.30000e+00 8.95000e+00 1.90000e-02 1.00000e-04 1.00000e-04 2.40000e-04 2.40000e-04
8.95000e+00 9.62000e+00 1.53000e-02 8.00000e-05 8.00000e-05 1.90000e-04 1.90000e-04
9.62000e+00 1.03200e+01 1.24200e-02 7.00000e-05 7.00000e-05 1.60000e-04 1.60000e-04
1.03200e+01 1.10400e+01 1.00700e-02 6.00000e-05 6.00000e-05 1.30000e-04 1.30000e-04
1.10400e+01 1.18000e+01 8.30200e-03 5.50000e-05 5.50000e-05 1.08000e-04 1.08000e-04
1.18000e+01 1.25900e+01 6.91800e-03 4.80000e-05 4.80000e-05 9.00000e-05 9.00000e-05
1.25900e+01 1.34100e+01 5.66800e-03 4.20000e-05 4.20000e-05 7.50000e-05 7.50000e-05
1.34100e+01 1.42500e+01 4.64300e-03 3.70000e-05 3.70000e-05 6.10000e-05 6.10000e-05
1.42500e+01 1.51400e+01 3.86400e-03 3.20000e-05 3.20000e-05 5.10000e-05 5.10000e-05
1.51400e+01 1.60500e+01 3.26200e-03 2.80000e-05 2.80000e-05 4.40000e-05 4.40000e-05
1.60500e+01 1.70000e+01 2.71800e-03 2.50000e-05 2.50000e-05 3.70000e-05 3.70000e-05
1.70000e+01 1.79800e+01 2.29300e-03 2.20000e-05 2.20000e-05 3.10000e-05 3.10000e-05
1.79800e+01 1.89900e+01 1.93300e-03 1.90000e-05 1.90000e-05 2.60000e-05 2.60000e-05
1.89900e+01 2.00400e+01 1.66600e-03 1.70000e-05 1.70000e-05 2.30000e-05 2.30000e-05
2.00400e+01 2.11300e+01 1.45400e-03 1.50000e-05 1.50000e-05 2.00000e-05 2.00000e-05
2.11300e+01 2.22500e+01 1.21400e-03 1.40000e-05 1.40000e-05 1.70000e-05 1.70000e-05
2.22500e+01 2.34200e+01 1.01800e-03 1.20000e-05 1.20000e-05 1.40000e-05 1.40000e-05
2.34200e+01 2.46200e+01 9.03100e-04 1.11000e-05 1.11000e-05 1.27000e-05 1.27000e-05
2.46200e+01 2.59000e+01 7.64700e-04 9.80000e-06 9.80000e-06 1.08000e-05 1.08000e-05
2.59000e+01 2.72500e+01 6.75700e-04 8.90000e-06 8.90000e-06 9.60000e-06 9.60000e-06
2.72500e+01 2.86800e+01 5.74700e-04 8.00000e-06 8.00000e-06 8.20000e-06 8.20000e-06
2.86800e+01 3.02100e+01 5.06300e-04 7.20000e-06 7.20000e-06 7.20000e-06 7.20000e-06
3.02100e+01 3.18200e+01 4.27300e-04 6.50000e-06 6.50000e-06 6.10000e-06 6.10000e-06
3.18200e+01 3.35300e+01 3.68100e-04 5.90000e-06 5.90000e-06 5.30000e-06 5.30000e-06
3.35300e+01 3.53600e+01 3.12600e-04 5.20000e-06 5.20000e-06 4.50000e-06 4.50000e-06
3.53600e+01 3.73100e+01 2.75400e-04 4.80000e-06 4.80000e-06 4.00000e-06 4.00000e-06
3.73100e+01 3.93900e+01 2.32800e-04 4.30000e-06 4.30000e-06 3.40000e-06 3.40000e-06
3.93900e+01 4.16100e+01 2.00400e-04 3.80000e-06 3.80000e-06 3.00000e-06 3.00000e-06
4.16100e+01 4.40000e+01 1.72300e-04 3.40000e-06 3.40000e-06 2.60000e-06 2.60000e-06
4.40000e+01 4.65700e+01 1.44600e-04 3.00000e-06 3.00000e-06 2.20000e-06 2.20000e-06
4.65700e+01 4.93300e+01 1.32300e-04 2.80000e-06 2.80000e-06 2.00000e-06 2.00000e-06
4.93300e+01 5.23300e+01 1.02900e-04 2.40000e-06 2.40000e-06 1.60000e-06 1.60000e-06
5.23300e+01 5.55800e+01 8.86000e-05 2.14000e-06 2.14000e-06 1.37000e-06 1.37000e-06
5.55800e+01 5.91300e+01 7.55800e-05 1.89000e-06 1.89000e-06 1.18000e-06 1.18000e-06
5.91300e+01 6.30200e+01 6.11500e-05 1.64000e-06 1.64000e-06 9.70000e-07 9.70000e-07
6.30200e+01 6.73000e+01 5.50200e-05 1.49000e-06 1.49000e-06 8.80000e-07 8.80000e-07
6.73000e+01 7.20500e+01 4.36700e-05 1.26000e-06 1.26000e-06 7.10000e-07 7.10000e-07
7.20500e+01 7.73700e+01 3.82600e-05 1.11000e-06 1.11000e-06 6.20000e-07 6.20000e-07
7.73700e+01 8.33600e+01 3.01300e-05 9.40000e-07 9.40000e-07 5.00000e-07 5.00000e-07
8.33600e+01 9.01900e+01 2.51100e-05 8.10000e-07 8.10000e-07 4.20000e-07 4.20000e-07
9.01900e+01 9.80800e+01 2.03700e-05 6.80000e-07 6.80000e-07 3.50000e-07 3.50000e-07
9.80800e+01 1.07300e+02 1.46100e-05 5.90000e-07 5.90000e-07 2.50000e-07 2.50000e-07
1.07300e+02 1.18400e+02 1.17300e-05 4.80000e-07 4.80000e-07 2.00000e-07 2.00000e-07
1.18400e+02 1.32100e+02 8.67700e-06 3.76000e-07 3.76000e-07 1.51000e-07 1.51000e-07
1.32100e+02 1.48800e+02 6.99800e-06 3.03000e-07 3.03000e-07 1.25000e-07 1.25000e-07
1.48800e+02 1.69900e+02 4.59500e-06 2.21000e-07 2.21000e-07 8.40000e-08 8.40000e-08
1.69900e+02 1.97700e+02 3.20100e-06 1.63000e-07 1.63000e-07 6.00000e-08 6.00000e-08
1.97700e+02 2.37200e+02 1.87100e-06 1.11000e-07 1.11000e-07 3.90000e-08 3.90000e-08
2.37200e+02 2.90000e+02 1.15800e-06 7.70000e-08 7.70000e-08 2.60000e-08 2.60000e-08
2.90000e+02 3.70000e+02 5.77300e-07 4.96000e-08 4.96000e-08 1.50000e-08 1.50000e-08
3.70000e+02 5.00000e+02 2.49100e-07 2.86000e-08 2.86000e-08 9.10000e-09 9.10000e-09
5.00000e+02 7.00000e+02 8.31200e-08 1.67500e-08 1.67500e-08 7.70000e-09 7.70000e-09
7.00000e+02 1.00000e+03 1.92700e-08 1.08700e-08 1.08700e-08 4.44000e-09 4.44000e-09
