#source: CRDB
#Quantity: e-+e+
#EnergyType: ETOT
#Experiment: CALET
#ads: 2017PhRvL.119r1101A
#E_lo - E_up - y - errSta_lo - errSta_up - errSys_lo - errSys_up
1.06000e+01 1.19000e+01 1.54600e-01 5.00000e-04 5.00000e-04 1.08000e-02 1.17000e-02
1.19000e+01 1.34000e+01 1.06500e-01 4.00000e-04 4.00000e-04 5.50000e-03 7.20000e-03
1.34000e+01 1.50000e+01 7.40400e-02 2.60000e-04 2.60000e-04 3.83000e-03 5.00000e-03
1.50000e+01 1.69000e+01 5.07300e-02 2.00000e-04 2.00000e-04 2.61000e-03 3.44000e-03
1.69000e+01 1.89000e+01 3.50400e-02 1.50000e-04 1.50000e-04 1.80000e-03 2.38000e-03
1.89000e+01 2.12000e+01 2.45700e-02 1.20000e-04 1.20000e-04 1.36000e-03 1.74000e-03
2.12000e+01 2.38000e+01 1.67900e-02 9.00000e-05 9.00000e-05 9.30000e-04 1.19000e-03
2.38000e+01 2.67000e+01 1.15900e-02 7.00000e-05 7.00000e-05 6.60000e-04 8.20000e-04
2.67000e+01 3.00000e+01 7.98800e-03 3.70000e-05 3.70000e-05 4.57000e-04 5.68000e-04
3.00000e+01 3.37000e+01 5.41100e-03 2.90000e-05 2.90000e-05 2.87000e-04 3.54000e-04
3.37000e+01 3.78000e+01 3.71500e-03 2.30000e-05 2.30000e-05 1.97000e-04 2.43000e-04
3.78000e+01 4.24000e+01 2.62000e-03 1.80000e-05 1.80000e-05 1.39000e-04 1.63000e-04
4.24000e+01 4.75000e+01 1.79400e-03 1.40000e-05 1.40000e-05 9.50000e-05 1.11000e-04
4.75000e+01 5.33000e+01 1.26100e-03 1.10000e-05 1.10000e-05 6.70000e-05 7.50000e-05
5.33000e+01 5.99000e+01 8.88300e-04 8.70000e-06 8.70000e-06 4.75000e-05 5.25000e-05
5.99000e+01 6.72000e+01 6.12900e-04 6.80000e-06 6.80000e-06 3.28000e-05 3.38000e-05
6.72000e+01 7.54000e+01 4.16200e-04 5.30000e-06 5.30000e-06 2.23000e-05 2.30000e-05
7.54000e+01 8.46000e+01 3.00900e-04 4.30000e-06 4.30000e-06 1.66000e-05 1.58000e-05
8.46000e+01 9.49000e+01 2.02300e-04 3.30000e-06 3.30000e-06 1.11000e-05 1.06000e-05
9.49000e+01 1.06400e+02 1.45000e-04 3.00000e-06 3.00000e-06 8.00000e-06 7.00000e-06
1.06400e+02 1.19400e+02 9.94000e-05 2.10000e-06 2.10000e-06 5.70000e-06 5.10000e-06
1.19400e+02 1.34000e+02 7.00000e-05 1.60000e-06 1.60000e-06 4.10000e-06 3.40000e-06
1.34000e+02 1.50400e+02 4.99000e-05 1.30000e-06 1.30000e-06 2.90000e-06 2.50000e-06
1.50400e+02 1.68700e+02 3.57000e-05 1.00000e-06 1.00000e-06 2.10000e-06 1.70000e-06
1.68700e+02 1.89300e+02 2.53000e-05 8.00000e-07 8.00000e-07 1.50000e-06 1.20000e-06
1.89300e+02 2.12400e+02 1.72000e-05 6.00000e-07 6.00000e-07 1.00000e-06 8.00000e-07
2.12400e+02 2.38300e+02 1.14000e-05 5.00000e-07 5.00000e-07 7.00000e-07 5.00000e-07
2.38300e+02 2.67400e+02 8.01000e-06 3.90000e-07 3.90000e-07 4.60000e-07 3.90000e-07
2.67400e+02 3.00000e+02 5.72000e-06 3.10000e-07 3.10000e-07 3.30000e-07 2.80000e-07
3.00000e+02 3.36600e+02 3.93000e-06 2.40000e-07 2.40000e-07 2.20000e-07 2.00000e-07
3.36600e+02 3.77700e+02 2.80000e-06 1.90000e-07 1.90000e-07 1.50000e-07 1.50000e-07
3.77700e+02 4.23800e+02 1.90000e-06 1.50000e-07 1.50000e-07 1.00000e-07 1.10000e-07
4.23800e+02 4.75500e+02 1.14000e-06 1.10000e-07 1.10000e-07 6.00000e-08 6.00000e-08
4.75500e+02 5.98600e+02 7.18000e-07 5.60000e-08 5.60000e-08 4.80000e-08 4.00000e-08
5.98600e+02 7.53600e+02 3.13000e-07 3.30000e-08 3.30000e-08 1.80000e-08 2.80000e-08
7.53600e+02 9.48700e+02 1.84000e-07 2.30000e-08 2.30000e-08 1.60000e-08 1.60000e-08
9.48700e+02 1.19430e+03 9.39000e-08 1.46000e-08 1.46000e-08 1.04000e-08 9.20000e-09
1.19430e+03 1.89290e+03 2.33000e-08 4.40000e-09 4.40000e-09 3.40000e-09 3.60000e-09
1.89290e+03 3.00000e+03 4.51000e-09 1.60000e-09 1.60000e-09 1.28000e-09 8.90000e-10
