#source: CRDB
#Quantity: e-+e+
#EnergyType: ETOT
#Experiment: DAMPE
#ads: 2017Natur.552...63D
#E_lo - E_up - y - errSta_lo - errSta_up - errSys_lo - errSys_up
2.40000e+01 2.75000e+01 1.16000e-02 0.00000e+00 0.00000e+00 3.00000e-04 3.00000e-04
2.75000e+01 3.16000e+01 7.38000e-03 2.00000e-05 2.00000e-05 1.90000e-04 1.90000e-04
3.16000e+01 3.63000e+01 4.76000e-03 2.00000e-05 2.00000e-05 1.30000e-04 1.30000e-04
3.63000e+01 4.17000e+01 3.08000e-03 1.00000e-05 1.00000e-05 8.00000e-05 8.00000e-05
4.17000e+01 4.79000e+01 2.00000e-03 1.00000e-05 1.00000e-05 5.00000e-05 5.00000e-05
4.79000e+01 5.50000e+01 1.28000e-03 1.00000e-05 1.00000e-05 3.00000e-05 3.00000e-05
5.50000e+01 6.31000e+01 8.32000e-04 4.00000e-06 4.00000e-06 2.10000e-05 2.10000e-05
6.31000e+01 7.24000e+01 5.42000e-04 3.00000e-06 3.00000e-06 1.30000e-05 1.30000e-05
7.24000e+01 8.32000e+01 3.54000e-04 2.00000e-06 2.00000e-06 9.00000e-06 9.00000e-06
8.32000e+01 9.55000e+01 2.31000e-04 1.00000e-06 1.00000e-06 6.00000e-06 6.00000e-06
9.55000e+01 1.09700e+02 1.52000e-04 1.00000e-06 1.00000e-06 4.00000e-06 4.00000e-06
1.09700e+02 1.25900e+02 1.00000e-04 1.00000e-06 1.00000e-06 2.00000e-06 2.00000e-06
1.25900e+02 1.44500e+02 6.49000e-05 6.00000e-07 6.00000e-07 1.60000e-06 1.60000e-06
1.44500e+02 1.66000e+02 4.14000e-05 4.00000e-07 4.00000e-07 1.00000e-06 1.00000e-06
1.66000e+02 1.90600e+02 2.78000e-05 3.00000e-07 3.00000e-07 7.00000e-07 7.00000e-07
1.90600e+02 2.18800e+02 1.81000e-05 3.00000e-07 3.00000e-07 5.00000e-07 5.00000e-07
2.18800e+02 2.51200e+02 1.20000e-05 2.00000e-07 2.00000e-07 3.00000e-07 3.00000e-07
2.51200e+02 2.88400e+02 7.59000e-06 1.40000e-07 1.40000e-07 1.90000e-07 1.90000e-07
2.88400e+02 3.31100e+02 4.81000e-06 1.10000e-07 1.10000e-07 1.20000e-07 1.20000e-07
3.31100e+02 3.80200e+02 3.25000e-06 8.00000e-08 8.00000e-08 8.00000e-08 8.00000e-08
3.80200e+02 4.36500e+02 2.12000e-06 6.00000e-08 6.00000e-08 5.00000e-08 5.00000e-08
4.36500e+02 5.01200e+02 1.32000e-06 5.00000e-08 5.00000e-08 3.00000e-08 3.00000e-08
5.01200e+02 5.75400e+02 8.49000e-07 3.40000e-08 3.40000e-08 2.10000e-08 2.10000e-08
5.75400e+02 6.60700e+02 6.13000e-07 2.70000e-08 2.70000e-08 1.50000e-08 1.50000e-08
6.60700e+02 7.58600e+02 3.92000e-07 2.00000e-08 2.00000e-08 1.00000e-08 1.00000e-08
7.58600e+02 8.71000e+02 2.38000e-07 1.50000e-08 1.50000e-08 6.00000e-09 6.00000e-09
8.71000e+02 1.00000e+03 1.52000e-07 1.10000e-08 1.10000e-08 4.00000e-09 4.00000e-09
1.00000e+03 1.14820e+03 9.29000e-08 8.20000e-09 8.20000e-09 2.70000e-09 2.70000e-09
1.14820e+03 1.31830e+03 4.38000e-08 5.30000e-09 5.30000e-09 1.40000e-09 1.40000e-09
1.31830e+03 1.51360e+03 4.99000e-08 5.30000e-09 5.30000e-09 1.70000e-09 1.70000e-09
1.51360e+03 1.73780e+03 1.52000e-08 2.80000e-09 2.80000e-09 6.00000e-10 6.00000e-10
1.73780e+03 1.99530e+03 1.07000e-08 2.20000e-09 2.20000e-09 5.00000e-10 5.00000e-10
1.99530e+03 2.29090e+03 6.24000e-09 1.61000e-09 1.61000e-09 3.00000e-10 3.00000e-10
2.29090e+03 2.63030e+03 3.84000e-09 1.20000e-09 1.20000e-09 2.10000e-10 2.10000e-10
2.63030e+03 3.01990e+03 1.03000e-09 6.30000e-10 6.30000e-10 7.00000e-11 7.00000e-11
3.01990e+03 3.46740e+03 9.53000e-10 5.64000e-10 5.64000e-10 7.00000e-11 7.00000e-11
3.46740e+03 3.98110e+03 9.07000e-10 5.12000e-10 5.12000e-10 7.70000e-11 7.70000e-11
3.98110e+03 4.57090e+03 6.15000e-10 4.02000e-10 4.02000e-10 6.00000e-11 6.00000e-11
