#source: CRDB
#Quantity: e-+e+
#EnergyType: ETOT
#Experiment: FERMI
#ads: 2017PhRvD..95h2007A
#E_lo - E_up - y - errSta_lo - errSta_up - errSys_lo - errSys_up
4.21697e+01 4.86968e+01 1.77861e-03 2.64302e-06 2.64302e-06 3.13181e-05 3.13181e-05
4.86968e+01 5.62341e+01 1.13720e-03 1.66031e-06 1.66031e-06 1.81865e-05 1.81865e-05
5.62341e+01 6.49382e+01 7.42154e-04 1.22752e-06 1.22752e-06 2.29806e-05 2.29806e-05
6.49382e+01 7.49894e+01 4.65510e-04 6.88024e-07 6.88024e-07 1.05527e-05 1.05527e-05
7.49894e+01 8.65964e+01 2.97786e-04 5.56264e-07 5.56264e-07 6.55457e-06 6.55457e-06
8.65964e+01 1.00000e+02 1.92665e-04 4.04596e-07 4.04596e-07 4.82557e-06 4.82557e-06
1.00000e+02 1.15478e+02 1.23552e-04 2.39692e-07 2.39692e-07 3.16056e-06 3.16056e-06
1.15478e+02 1.33352e+02 8.05903e-05 1.70287e-07 1.70287e-07 2.39254e-06 2.39254e-06
1.33352e+02 1.53993e+02 5.24224e-05 1.29274e-07 1.29274e-07 1.84726e-06 1.84726e-06
1.53993e+02 1.77828e+02 3.32908e-05 9.73755e-08 9.73755e-08 1.21992e-06 1.21992e-06
1.77828e+02 2.05352e+02 2.15513e-05 5.85548e-08 5.85548e-08 7.05468e-07 7.05468e-07
2.05352e+02 2.37137e+02 1.39808e-05 4.41933e-08 4.41933e-08 5.33886e-07 5.33886e-07
2.37137e+02 2.73842e+02 8.79896e-06 3.38584e-08 3.38584e-08 3.77334e-07 3.77334e-07
2.73842e+02 3.16228e+02 5.87596e-06 2.74995e-08 2.74995e-08 2.79921e-07 2.79921e-07
3.16228e+02 3.65174e+02 3.70164e-06 1.77642e-08 1.77642e-08 1.76236e-07 1.76236e-07
3.65174e+02 4.21697e+02 2.33014e-06 1.36127e-08 1.36127e-08 1.33048e-07 1.33048e-07
4.21697e+02 4.86967e+02 1.55548e-06 1.04466e-08 1.04466e-08 9.42872e-08 9.42872e-08
4.86967e+02 5.62341e+02 9.62201e-07 7.91410e-09 7.91410e-09 7.03488e-08 7.03488e-08
5.62341e+02 6.49382e+02 6.15875e-07 5.39630e-09 5.39630e-09 4.59497e-08 4.59497e-08
6.49382e+02 7.49894e+02 4.11165e-07 4.16510e-09 4.16510e-09 3.37073e-08 3.37073e-08
7.49894e+02 8.65964e+02 2.67063e-07 3.24882e-09 3.24882e-09 2.28785e-08 2.28785e-08
8.65964e+02 1.00000e+03 1.62807e-07 2.46148e-09 2.46148e-09 1.57653e-08 1.57653e-08
1.00000e+03 1.15478e+03 1.03082e-07 1.83384e-09 1.83384e-09 9.50619e-09 9.50619e-09
1.15478e+03 1.33352e+03 6.31424e-08 1.43226e-09 1.43226e-09 6.20118e-09 6.20118e-09
1.33352e+03 1.53993e+03 3.83294e-08 1.04996e-09 1.04996e-09 4.99650e-09 4.99650e-09
1.53993e+03 1.77828e+03 2.57081e-08 9.17085e-10 9.17085e-10 3.86906e-09 3.86906e-09
1.77828e+03 2.05352e+03 1.61821e-08 6.25064e-10 6.25064e-10 2.24036e-09 2.24036e-09
