#source: CRDB
#Quantity: e+/e-+e+
#EnergyType: EK
#Experiment: FERMI
#ads: 2012PhRvL.108a1103A
#E_lo - E_up - y - errSta_lo - errSta_up - errSys_lo - errSys_up
2.00000e+01 2.52000e+01 9.40000e-02 3.00000e-03 3.00000e-03 1.00000e-02 1.00000e-02
2.52000e+01 3.17000e+01 9.90000e-02 3.00000e-03 3.00000e-03 1.10000e-02 1.00000e-02
3.17000e+01 3.99000e+01 1.13000e-01 5.00000e-03 5.00000e-03 1.20000e-02 1.20000e-02
3.99000e+01 5.02000e+01 1.19000e-01 8.00000e-03 8.00000e-03 1.30000e-02 1.20000e-02
5.02000e+01 6.32000e+01 1.19000e-01 1.40000e-02 1.40000e-02 1.30000e-02 1.20000e-02
6.32000e+01 7.96000e+01 1.31000e-01 2.90000e-02 2.90000e-02 1.40000e-02 1.40000e-02
7.96000e+01 1.00000e+02 1.89000e-01 4.90000e-02 4.90000e-02 1.90000e-02 1.80000e-02
1.00000e+02 1.26000e+02 1.60000e-01 4.50000e-02 4.50000e-02 2.30000e-02 1.70000e-02
1.26000e+02 1.59000e+02 2.10000e-01 6.50000e-02 6.50000e-02 3.00000e-02 2.10000e-02
1.59000e+02 2.00000e+02 3.00000e-01 1.30000e-01 1.30000e-01 4.00000e-02 3.00000e-02
