#source: CRDB
#Quantity: e-+e+
#EnergyType: EK
#Experiment: H.E.S.S.
#ads: 2009A%26A...508..561A
#E_lo - E_up - y - errSta_lo - errSta_up - errSys_lo - errSys_up
3.73110e+02 3.73110e+02 2.88100e-06 1.45000e-07 1.09000e-07 0.00000e+00 0.00000e+00
4.48580e+02 4.48580e+02 1.88400e-06 7.20000e-08 9.59000e-08 0.00000e+00 0.00000e+00
5.39310e+02 5.39310e+02 9.54200e-07 5.33000e-08 5.33000e-08 0.00000e+00 0.00000e+00
6.40330e+02 6.40330e+02 5.96500e-07 3.29000e-08 3.95000e-08 0.00000e+00 0.00000e+00
7.61790e+02 7.61790e+02 3.42500e-07 2.07000e-08 2.07000e-08 0.00000e+00 0.00000e+00
9.15880e+02 9.15880e+02 2.03000e-07 1.60000e-08 1.60000e-08 0.00000e+00 0.00000e+00
1.10113e+03 1.10113e+03 8.75200e-08 9.59000e-09 9.59000e-09 0.00000e+00 0.00000e+00
1.32385e+03 1.32385e+03 4.42200e-08 5.84000e-09 6.73000e-09 0.00000e+00 0.00000e+00
1.59162e+03 1.59162e+03 2.17400e-08 3.67000e-09 3.86000e-09 0.00000e+00 0.00000e+00
