7.14713e+02 4.07082e-07 1.45993e-08 1.45993e-08 8.56495e-08 8.38748e-08
9.29980e+02 1.65298e-07 7.09930e-09 5.66949e-09 3.50042e-08 3.47020e-08
1.21376e+03 6.02809e-08 2.67878e-09 2.67878e-09 1.29955e-08 1.30287e-08
1.57933e+03 1.89831e-08 1.25911e-09 1.46727e-09 4.24244e-09 4.30012e-09
2.03457e+03 7.53023e-09 6.24551e-10 7.01729e-10 1.79318e-09 1.83368e-09
2.65541e+03 1.92963e-09 3.14038e-10 3.14038e-10 5.12746e-10 5.27872e-10
3.45520e+03 5.71642e-10 1.79153e-10 1.79153e-10 1.78721e-10 1.84647e-10
4.50953e+03 4.98445e-10 9.11617e-11 9.68320e-11 1.95120e-10 2.01469e-10
3.73110e+02 2.88096e-06 1.44780e-07 1.08585e-07 7.51511e-07 7.84475e-07
4.48580e+02 1.88445e-06 7.20101e-08 9.59397e-08 4.94244e-07 5.04832e-07
5.39310e+02 9.54220e-07 5.32955e-08 5.32955e-08 2.51266e-07 2.51614e-07
6.40330e+02 5.96497e-07 3.29461e-08 3.95354e-08 1.58000e-07 1.54088e-07
7.61790e+02 3.42468e-07 2.06521e-08 2.06521e-08 8.95237e-08 8.94215e-08
9.15880e+02 2.03040e-07 1.59579e-08 1.59579e-08 5.16243e-08 5.46723e-08
1.10113e+03 8.75211e-08 9.58725e-09 9.58725e-09 2.23719e-08 2.29337e-08
1.32385e+03 4.42256e-08 5.83583e-09 6.73232e-09 1.12909e-08 1.13579e-08
1.59162e+03 2.17387e-08 3.67065e-09 3.86411e-09 5.46308e-09 5.58188e-09