#source: CRDB
#Quantity: e-+e+
#EnergyType: EK
#Experiment: H.E.S.S.
#ads: 2008PhRvL.101z1104A
#E_lo - E_up - y - errSta_lo - errSta_up - errSys_lo - errSys_up
7.14713e+02 7.14713e+02 4.07100e-07 1.46000e-08 1.46000e-08 0.00000e+00 0.00000e+00
9.29980e+02 9.29980e+02 1.65300e-07 7.10000e-09 5.67000e-09 0.00000e+00 0.00000e+00
1.21376e+03 1.21376e+03 6.02800e-08 2.68000e-09 2.68000e-09 0.00000e+00 0.00000e+00
1.57933e+03 1.57933e+03 1.89800e-08 1.26000e-09 1.47000e-09 0.00000e+00 0.00000e+00
2.03457e+03 2.03457e+03 7.53000e-09 6.25000e-10 7.02000e-10 0.00000e+00 0.00000e+00
2.65541e+03 2.65541e+03 1.93000e-09 3.14000e-10 3.14000e-10 0.00000e+00 0.00000e+00
3.45520e+03 3.45520e+03 5.71600e-10 1.80000e-10 1.79000e-10 0.00000e+00 0.00000e+00
4.50953e+03 4.50953e+03 4.98400e-10 9.12000e-11 9.68000e-11 0.00000e+00 0.00000e+00
