#source: CRDB
#Quantity: e+/e-+e+
#EnergyType: EK
#Experiment: PAMELA
#ads: 2016PhRvL.116x1105A
#E_lo - E_up - y - errSta_lo - errSta_up - errSys_lo - errSys_up
7.00000e-01 7.00000e-01 1.12600e-01 1.75000e-03 1.75000e-03 0.00000e+00 0.00000e+00
1.20000e+00 1.20000e+00 9.09000e-02 1.75000e-03 1.75000e-03 0.00000e+00 0.00000e+00
1.50000e+00 1.80000e+00 7.77000e-02 1.10000e-03 1.10000e-03 0.00000e+00 0.00000e+00
1.80000e+00 2.10000e+00 7.11000e-02 1.20000e-03 1.20000e-03 0.00000e+00 0.00000e+00
2.00000e+00 2.00000e+00 7.17000e-02 1.91000e-03 1.91000e-03 0.00000e+00 0.00000e+00
2.10000e+00 2.70000e+00 6.53000e-02 9.00000e-04 9.00000e-04 0.00000e+00 0.00000e+00
3.00000e+00 3.00000e+00 6.08000e-02 1.59000e-03 1.59000e-03 0.00000e+00 0.00000e+00
2.70000e+00 3.50000e+00 5.86000e-02 1.00000e-03 1.00000e-03 0.00000e+00 0.00000e+00
3.50000e+00 4.20000e+00 5.45000e-02 1.30000e-03 1.30000e-03 0.00000e+00 0.00000e+00
4.25000e+00 4.25000e+00 5.44000e-02 1.27000e-03 1.27000e-03 0.00000e+00 0.00000e+00
4.20000e+00 5.00000e+00 5.35000e-02 1.40000e-03 1.40000e-03 0.00000e+00 0.00000e+00
5.00000e+00 6.00000e+00 5.23000e-02 1.50000e-03 1.50000e-03 0.00000e+00 0.00000e+00
6.00000e+00 8.00000e+00 5.04000e-02 1.40000e-03 1.40000e-03 0.00000e+00 0.00000e+00
8.00000e+00 1.00000e+01 5.20000e-02 1.90000e-03 1.90000e-03 0.00000e+00 0.00000e+00
1.00000e+01 1.30000e+01 5.57000e-02 2.30000e-03 2.30000e-03 0.00000e+00 0.00000e+00
1.30000e+01 1.50000e+01 6.30000e-02 4.00000e-03 4.00000e-03 0.00000e+00 0.00000e+00
1.50000e+01 2.00000e+01 6.10000e-02 4.00000e-03 4.00000e-03 0.00000e+00 0.00000e+00
2.00000e+01 2.80000e+01 6.20000e-02 5.00000e-03 5.00000e-03 0.00000e+00 0.00000e+00
2.80000e+01 4.20000e+01 7.30000e-02 7.00000e-03 7.00000e-03 0.00000e+00 0.00000e+00
4.20000e+01 6.50000e+01 9.90000e-02 1.30000e-02 1.30000e-02 0.00000e+00 0.00000e+00
6.50000e+01 1.00000e+02 1.21000e-01 2.20000e-02 2.20000e-02 0.00000e+00 0.00000e+00
1.00000e+02 2.00000e+02 1.63000e-01 4.00000e-02 4.00000e-02 0.00000e+00 0.00000e+00
